0 0 0 0
100000 0.0453225 0.0456635 0.028217
200000 0.108874 0.102877 0.0583505
300000 0.181514 0.169139 0.107764
400000 0.282328 0.284687 0.118622
500000 0.405682 0.465856 0.153914
600000 0.510325 0.593708 0.179365
700000 0.749505 0.944336 0.215478
800000 0.779226 1.15389 0.256154
900000 0.921793 1.43037 0.27609
1000000 1.08675 1.75546 0.315372
1100000 1.27387 2.15308 0.342519
1200000 1.42298 2.56702 0.373829
1300000 1.55659 3.03806 0.437061
1400000 1.70575 3.54345 0.435495
1500000 1.8784 4.16267 0.477442
1600000 2.06944 4.60016 0.51028
1700000 2.20951 5.29747 0.563098
1800000 2.37865 5.88084 0.571462
1900000 2.6504 6.65365 0.603007
2000000 2.74483 7.20616 0.630039
2100000 2.91804 7.98304 0.701699
2200000 3.08297 8.76937 0.701143
2300000 3.38453 9.59609 0.762608
2400000 3.48665 10.4499 0.767935
2500000 3.61262 11.3451 0.80632
2600000 3.84054 12.3223 0.840138
2700000 4.02736 13.2827 0.870679
2800000 4.18692 14.2436 0.907471
2900000 4.399 15.3602 0.945364
3000000 4.57556 16.2771 0.974181
3100000 4.73896 17.6134 1.01972
3200000 5.03681 18.7681 1.06467
3300000 5.21437 19.8795 1.07901
3400000 5.39043 21.1968 1.11508
3500000 5.60651 22.4281 1.14798
3600000 5.81047 23.784 1.17046
3700000 6.03235 25.0648 1.21135
3800000 6.2602 26.5027 1.25512
3900000 6.45808 27.6963 1.28638
4000000 6.65424 29.4211 1.4261
4100000 6.93495 30.9511 1.36885
4200000 7.1573 32.4166 1.40399
4300000 7.39732 34.022 1.44079
4400000 7.63137 35.6055 1.45869
4500000 8.4866 37.9544 1.65853
4600000 8.03053 39.2961 1.55563
4700000 8.26911 40.6952 1.57208
4800000 8.48534 42.2804 1.59873
4900000 8.55826 44.3144 1.63841
5000000 8.96849 46.1959 1.66133
5100000 9.14879 47.951 1.68431
5200000 9.40319 49.6476 1.79487
5300000 9.67583 51.4879 1.80866
5400000 9.87294 53.7469 1.7969
5500000 10.1321 56.0389 1.83254
5600000 10.2612 57.9137 1.83243
5700000 11.0046 60.2876 1.94902
5800000 10.8073 61.989 1.9859
5900000 11.062 64.4882 2.02564
6000000 11.2398 66.4629 2.02447
6100000 11.804 68.687 2.08118
6200000 12.6896 71.9064 2.21908
6300000 12.3522 73.6749 2.10228
6400000 12.2701 75.8705 2.17706
6500000 12.7671 78.5241 2.256
6600000 13.3185 80.2598 2.20649
6700000 12.9435 84.231 2.15623
6800000 12.0433 67.6072 3.0693
6900000 11.3457 67.2182 2.58756
7000000 11.611 69.5915 2.64792
7100000 11.7041 71.2505 2.67834
7200000 11.9037 73.4061 2.73517
7300000 12.1859 75.5345 2.7606
7400000 12.9993 80.4073 2.57061
7500000 15.0044 106.392 2.44496
7600000 15.2188 109.382 2.51329
7700000 15.4936 111.851 2.54771
7800000 15.7634 114.947 2.56313
7900000 16.064 118.216 2.6918
8000000 16.3428 116.499 2.93361
8100000 16.4839 120.435 2.66683
8200000 17.0873 125.386 2.91521
8300000 17.034 129.093 2.74566
8400000 17.2065 132.643 2.80053
8500000 17.973 131.533 2.91425
8600000 17.4922 132.602 3.01995
8700000 17.757 135.64 3.00447
8800000 18.2706 140.97 3.11609
8900000 18.7429 143.018 3.13215
9000000 19.0875 149.783 3.07179
9100000 19.112 152.102 3.21002
9200000 19.464 158.539 3.12066
9300000 19.9726 161.895 3.21291
9400000 19.6418 165.179 3.16698
9500000 20.4827 165.987 3.38399
9600000 20.4413 168.334 3.35603
9700000 20.9051 170.351 3.79882
9800000 20.9855 181.005 3.25079
9900000 21.6356 184.821 3.75744
