# 1000 точек массивы 0..10^5 с усреднением по 5
0 0 0 0
100 0 0 0.0002456
200 0.000353 0 0
300 0.0002004 0.0002 0
400 0.000402 0.000398 0
500 0.0004 0.0002 0.0002
600 0 0.001 0
700 0.0008008 0.0008028 0.0005964
800 0.0010116 0.0009986 0.0009896
900 0.0006462 0.000754 0.000399
1000 0.0004848 0.000538 0.0009768
1100 0.0010116 0 0.0010002
1200 0.0006774 0.000273 0.000854
1300 0.0005216 0.0008786 0
1400 0.0010028 0.000251 0.0007388
1500 0.000781 0.0003698 0.0006552
1600 0.0006016 0.0005994 0.0001998
1700 0.0005962 0.0004068 0.0005958
1800 0.0006 0.0005996 0.0004004
1900 0.0006012 0.0004006 0.0003996
2000 0.000579 0.000598 0.0004286
2100 0.0006638 0.0005374 0.0004006
2200 0.0007546 0.000903 0.0003996
2300 0 0.0010232 0.0003994
2400 0.0008008 0.0007432 0.000609
2500 0.0008418 0.0008252 0.000527
2600 0.0010294 0.0007886 0.000589
2700 0.000798 0.0008074 0.0003918
2800 0.0010008 0.0005998 0.0006
2900 0.0008002 0.0008042 0.0006
3000 0.0009906 0.0008508 0.000581
3100 0.001192 0.0007934 0.0005986
3200 0.001025 0.0009828 0.0005568
3300 0.0009842 0.0010208 0.0005876
3400 0.0012074 0.0008028 0.000598
3500 0.0012068 0.0009994 0.0009932
3600 0.0009742 0.0010014 0.001025
3700 0.0012054 0.001008 0.0007868
3800 0.0013994 0.0009922 0.0008086
3900 0.0014008 0.0011492 0.0008498
4000 0.0011606 0.0012704 0.0009684
4100 0.0012006 0.0013132 0.000693
4200 0.0012888 0.0011392 0.0007712
4300 0.0016428 0.0011552 0.0008018
4400 0.0014468 0.0011232 0.0010232
4500 0.0017872 0.000999 0.000999
4600 0.0019926 0.0010094 0.0009994
4700 0.0015988 0.001 0.0010022
4800 0.0010004 0.0011992 0.0012112
4900 0.001596 0.0013934 0.001191
5000 0.0019586 0.0010412 0.0012066
5100 0.0015998 0.0016002 0.0010072
5200 0.0016144 0.0013854 0.0014006
5300 0.0014844 0.0015994 0.0010026
5400 0.0018454 0.0015454 0.0011974
5500 0.0017696 0.0016016 0.001228
5600 0.0019658 0.0012004 0.0014218
5700 0.0015974 0.0018 0.0010336
5800 0.001405 0.0016502 0.0013468
5900 0.0019982 0.0016018 0.0014186
6000 0.0018172 0.0016044 0.0015862
6100 0.0020002 0.0019986 0.0012
6200 0.0019932 0.0017954 0.0014638
6300 0.002052 0.0019954 0.0011926
6400 0.0023478 0.002323 0.0018328
6500 0.002224 0.0020188 0.0019992
6600 0.0024004 0.0022724 0.0017168
6700 0.0024074 0.0024598 0.0019592
6800 0.0024552 0.002226 0.0016902
6900 0.003153 0.0026688 0.002127
7000 0.0032664 0.0026122 0.0022726
7100 0.002747 0.0026232 0.0017822
7200 0.0024938 0.002197 0.0021206
7300 0.0025998 0.0019934 0.0018074
7400 0.002801 0.0022198 0.0015792
7500 0.0025972 0.0020022 0.0017962
7600 0.0025908 0.0020518 0.0019584
7700 0.0028716 0.0019988 0.002
7800 0.0029968 0.0019878 0.0020148
7900 0.0024114 0.002409 0.0019912
8000 0.0031108 0.0028706 0.0021922
8100 0.0026738 0.002768 0.0022072
8200 0.0041062 0.0043682 0.0037504
8300 0.0030004 0.0023052 0.00221
8400 0.0032004 0.0026006 0.0023894
8500 0.0028128 0.0028112 0.0022004
8600 0.0028032 0.0025192 0.001812
8700 0.0027998 0.0022126 0.0020116
8800 0.0027046 0.0023426 0.0022002
8900 0.0028026 0.0024122 0.0021248
9000 0.003039 0.0028214 0.0023632
9100 0.0049904 0.0044278 0.0038508
9200 0.0032796 0.002662 0.0023296
9300 0.0029344 0.0028 0.0019992
9400 0.003154 0.0027268 0.002434
9500 0.00327 0.0028966 0.0023724
9600 0.0030606 0.0027218 0.0024272
9700 0.0031988 0.0028276 0.002377
9800 0.0034374 0.0028278 0.002173
9900 0.003197 0.0029064 0.0022156
10000 0.0032794 0.0029928 0.0022536
10100 0.0032214 0.0030418 0.0026028
10200 0.003206 0.0030258 0.0025804
10300 0.003522 0.0032012 0.0025994
10400 0.0056452 0.00402 0.0036922
10500 0.0038174 0.0031924 0.0025212
10600 0.003803 0.0031746 0.0023984
10700 0.004045 0.0030498 0.0019494
10800 0.0040514 0.002933 0.0028416
10900 0.0035792 0.003401 0.0026496
11000 0.004465 0.0036734 0.0030576
11100 0.0039952 0.0033016 0.0028824
11200 0.0039452 0.0035218 0.0027768
11300 0.0041148 0.0035276 0.0025208
11400 0.0039034 0.0032984 0.0029064
11500 0.0039596 0.003247 0.0029636
11600 0.0042312 0.0034524 0.0027674
11700 0.0040134 0.0033928 0.002787
11800 0.0052252 0.004611 0.0040102
11900 0.0049188 0.004251 0.003191
12000 0.0045754 0.0044446 0.003149
12100 0.0060478 0.0056378 0.0040706
12200 0.0068394 0.005732 0.0049664
12300 0.0045928 0.00445 0.0031576
12400 0.0042682 0.0035948 0.0031992
12500 0.004168 0.0040652 0.002928
12600 0.0049878 0.0045858 0.0038414
12700 0.0078084 0.007008 0.0053946
12800 0.005231 0.0045404 0.00384
12900 0.0049998 0.0042 0.0039412
13000 0.0045274 0.0039938 0.0038062
13100 0.007213 0.0049936 0.0045984
13200 0.0039926 0.003989 0.0032042
13300 0.0044086 0.0037472 0.0034352
13400 0.0043184 0.0037394 0.003409
13500 0.0045824 0.0040438 0.0032062
13600 0.004448 0.0039626 0.003234
13700 0.0040034 0.0040244 0.003196
13800 0.0044098 0.0044464 0.0034568
13900 0.0045404 0.0041246 0.0036002
14000 0.0078124 0.0065156 0.006168
14100 0.0048916 0.00448 0.0037224
14200 0.0050396 0.0051106 0.0038204
14300 0.0051566 0.0047458 0.0037156
14400 0.0051224 0.0052344 0.0106534
14500 0.0064008 0.0051678 0.0050138
14600 0.0072108 0.0058318 0.0052124
14700 0.00572 0.0053918 0.004024
14800 0.0049928 0.0044 0.003599
14900 0.0047978 0.0042128 0.0035864
15000 0.0054528 0.004801 0.0039944
15100 0.0052836 0.00486 0.0038104
15200 0.005166 0.004614 0.0040016
15300 0.0050008 0.0041082 0.0038924
15400 0.0054342 0.0046086 0.0037962
15500 0.0074002 0.0066188 0.0051712
15600 0.0054784 0.0049688 0.0039044
15700 0.0074888 0.0064762 0.005331
15800 0.0050784 0.0049032 0.0039308
15900 0.0051508 0.0044598 0.004004
16000 0.0057542 0.0048074 0.0044804
16100 0.0057334 0.0046016 0.0042418
16200 0.0058118 0.005054 0.0040966
16300 0.0057148 0.0048612 0.004178
16400 0.0055622 0.005229 0.0042844
16500 0.0056742 0.0048632 0.0041776
16600 0.0055664 0.0048942 0.0043158
16700 0.005535 0.005468 0.0043822
16800 0.0066732 0.0054208 0.0047918
16900 0.0059938 0.0052192 0.0045926
17000 0.0061986 0.0056758 0.004534
17100 0.0060722 0.0054824 0.0045492
17200 0.0065392 0.0073958 0.0058156
17300 0.0061002 0.0054994 0.0053732
17400 0.0070668 0.0066008 0.0063022
17500 0.0059816 0.0053764 0.0043102
17600 0.005601 0.0058038 0.0048128
17700 0.006037 0.0054484 0.0048414
17800 0.006093 0.0051524 0.0046766
17900 0.0055602 0.0050466 0.0048494
18000 0.0065708 0.0055202 0.0048262
18100 0.0061918 0.0058688 0.0047988
18200 0.0064398 0.0056542 0.004562
18300 0.0060738 0.0051778 0.005277
18400 0.0066152 0.0058378 0.004836
18500 0.0066124 0.0052844 0.0048416
18600 0.0064548 0.0055176 0.0048832
18700 0.0061064 0.0053194 0.0045744
18800 0.0070118 0.008566 0.0066956
18900 0.0065116 0.005829 0.004619
19000 0.0066012 0.0063206 0.0046928
19100 0.0064978 0.0060716 0.005033
19200 0.0064238 0.0054108 0.0048684
19300 0.0065866 0.0059992 0.0049254
19400 0.0065564 0.005619 0.0050954
19500 0.0069448 0.0059268 0.0051942
19600 0.0066522 0.0057694 0.005074
19700 0.0083476 0.0077028 0.0055738
19800 0.0076804 0.005937 0.0053524
19900 0.007635 0.0080418 0.0058576
20000 0.0076202 0.0063052 0.005404
20100 0.0088034 0.007818 0.0078478
20200 0.0071846 0.0063998 0.0053568
20300 0.0068564 0.0058242 0.0050388
20400 0.0070334 0.0058116 0.005225
20500 0.0072728 0.00638 0.0054218
20600 0.0070198 0.0064424 0.005635
20700 0.0070254 0.006478 0.0057698
20800 0.0073424 0.0062216 0.0053594
20900 0.0066318 0.0064412 0.0049246
21000 0.0105918 0.0074918 0.005648
21100 0.007235 0.0070376 0.0056416
21200 0.0074488 0.007328 0.0057718
21300 0.011001 0.0102924 0.0093898
21400 0.0145862 0.0126364 0.0091124
21500 0.0083842 0.0099098 0.0074968
21600 0.0074032 0.0067992 0.00592
21700 0.007207 0.007249 0.0060182
21800 0.0077488 0.0073786 0.0053586
21900 0.0081414 0.0071242 0.0056448
22000 0.011684 0.0092994 0.0077316
22100 0.008257 0.0071616 0.0058008
22200 0.0077254 0.0065876 0.0060852
22300 0.0076012 0.0074016 0.0053854
22400 0.012021 0.0080752 0.0084832
22500 0.009018 0.0077962 0.0067188
22600 0.0076026 0.006771 0.0061104
22700 0.0077978 0.0070018 0.0054572
22800 0.0076044 0.0075656 0.006062
22900 0.0077968 0.007225 0.0055786
23000 0.0083268 0.0075562 0.0065022
23100 0.0077346 0.0069716 0.005966
23200 0.0077578 0.0071812 0.0058152
23300 0.0086118 0.0073164 0.0063338
23400 0.0091326 0.0091862 0.007711
23500 0.007961 0.0066244 0.0062766
23600 0.0078846 0.008299 0.0059172
23700 0.0087004 0.0073404 0.0068576
23800 0.0091078 0.0078528 0.0067476
23900 0.0085918 0.007816 0.0065296
24000 0.0089696 0.0078152 0.006705
24100 0.0082196 0.007454 0.0059444
24200 0.0078534 0.0071708 0.006041
24300 0.0078136 0.007063 0.0063556
24400 0.0081144 0.0071728 0.0059896
24500 0.0078928 0.0077184 0.0062644
24600 0.0080748 0.007179 0.0062244
24700 0.008041 0.0075658 0.006231
24800 0.0078052 0.0073832 0.0063934
24900 0.0080534 0.0071934 0.0065054
25000 0.0090492 0.0082594 0.007007
25100 0.008212 0.0074004 0.0059874
25200 0.0082128 0.0071876 0.0059996
25300 0.007939 0.0074388 0.0061942
25400 0.0082486 0.0077742 0.0060124
25500 0.0082356 0.0074604 0.0060614
25600 0.008458 0.0074414 0.0068076
25700 0.008251 0.0072636 0.0066338
25800 0.0084238 0.0074916 0.0066748
25900 0.008608 0.0071362 0.0066466
26000 0.0093198 0.008562 0.0067072
26100 0.0084502 0.0075354 0.0066776
26200 0.0084756 0.007832 0.0064818
26300 0.0082206 0.007868 0.0065906
26400 0.008786 0.0079978 0.0064528
26500 0.0090726 0.008046 0.0060228
26600 0.0086464 0.0081102 0.0064456
26700 0.0151344 0.0157894 0.0140074
26800 0.0256858 0.0232022 0.0195574
26900 0.025462 0.0236556 0.0193492
27000 0.0285996 0.0250152 0.0206838
27100 0.029439 0.0264384 0.0221028
27200 0.0273814 0.0238514 0.0200024
27300 0.0251726 0.0228 0.0195144
27400 0.0274976 0.024208 0.0202308
27500 0.0253698 0.0229164 0.0203738
27600 0.0157574 0.012605 0.009593
27700 0.0094004 0.0082462 0.0072236
27800 0.009185 0.0087018 0.0068014
27900 0.0094208 0.0082306 0.0074194
28000 0.010372 0.0092002 0.0078406
28100 0.0095268 0.0084788 0.0072322
28200 0.0092258 0.0080734 0.0072974
28300 0.009201 0.0083996 0.0069994
28400 0.0091886 0.0083998 0.0069992
28500 0.0092628 0.0080008 0.0073866
28600 0.0097996 0.008 0.0075994
28700 0.0090776 0.009 0.0069996
28800 0.0095976 0.0082118 0.0071992
28900 0.0094178 0.0085938 0.0071876
29000 0.0104236 0.009384 0.0077914
29100 0.009903 0.0088128 0.0073656
29200 0.0097992 0.0086316 0.00797
29300 0.0093244 0.0089862 0.0075998
29400 0.0103982 0.0090026 0.0076226
29500 0.0098102 0.0084218 0.0079386
29600 0.0099904 0.008986 0.0075996
29700 0.0099996 0.0084014 0.0076114
29800 0.0095766 0.0089998 0.0077964
29900 0.0099916 0.009022 0.0080242
30000 0.0134756 0.011873 0.0122746
30100 0.010644 0.0093852 0.0074214
30200 0.0104134 0.009738 0.0080058
30300 0.0098216 0.0090488 0.0074582
30400 0.0096358 0.009048 0.0076466
30500 0.0100476 0.0091604 0.0077966
30600 0.0100136 0.0090374 0.0073838
30700 0.0100598 0.0092572 0.007471
30800 0.0107944 0.0095922 0.0076362
30900 0.0102448 0.0096444 0.0075772
31000 0.0114534 0.0099546 0.0086658
31100 0.0098906 0.0098038 0.0078408
31200 0.01121 0.009868 0.0086224
31300 0.011526 0.0103058 0.0090112
31400 0.0117144 0.0108336 0.0086476
31500 0.012102 0.0113416 0.0086804
31600 0.0109276 0.0100154 0.008576
31700 0.0107704 0.0104042 0.008266
31800 0.0112954 0.0110276 0.0083136
31900 0.0122046 0.0121084 0.0111652
32000 0.0243184 0.0197516 0.0156826
32100 0.013407 0.0119966 0.0091886
32200 0.0112084 0.0100434 0.008399
32300 0.01097 0.0099686 0.0084766
32400 0.0108232 0.0099834 0.0081952
32500 0.0109868 0.0095986 0.0084528
32600 0.0108252 0.0101308 0.0083206
32700 0.0115102 0.0105164 0.0082216
32800 0.0190634 0.0169296 0.0123026
32900 0.0117682 0.010728 0.0086924
33000 0.0128018 0.0124624 0.0124642
33100 0.0112702 0.0104158 0.0083818
33200 0.0114472 0.0105864 0.0083982
33300 0.0116018 0.0102302 0.008144
33400 0.0114022 0.010221 0.0083766
33500 0.0110334 0.0103432 0.0086214
33600 0.0112948 0.0103072 0.0083992
33700 0.0117206 0.0109034 0.0087216
33800 0.010999 0.0103978 0.0088012
33900 0.0115818 0.0105986 0.0086102
34000 0.0126364 0.0113928 0.0092194
34100 0.0116018 0.0101706 0.0088068
34200 0.0122212 0.0104026 0.0089768
34300 0.0114312 0.0108154 0.0092262
34400 0.0121572 0.0105408 0.00901
34500 0.0118488 0.0108038 0.0090356
34600 0.0115996 0.0108008 0.0086236
34700 0.0115936 0.0108066 0.0088256
34800 0.0116674 0.010843 0.0087762
34900 0.011783 0.0101984 0.0096378
35000 0.0125952 0.0117228 0.0091352
35100 0.0117472 0.0112104 0.0091266
35200 0.012033 0.0108748 0.0091518
35300 0.0118316 0.0108588 0.009133
35400 0.0132214 0.0112746 0.0097942
35500 0.0130154 0.0110552 0.0096002
35600 0.0117772 0.0112118 0.009029
35700 0.0120006 0.0108 0.0091996
35800 0.0120004 0.0109998 0.0089998
35900 0.0121988 0.0114036 0.0096194
36000 0.0131138 0.0118424 0.0101828
36100 0.0127184 0.0112062 0.0093874
36200 0.0126034 0.0117246 0.0098646
36300 0.0123858 0.0110372 0.0092362
36400 0.0121886 0.0110114 0.0089886
36500 0.0127882 0.0112236 0.0092138
36600 0.0125946 0.0110726 0.009139
36700 0.012216 0.0113516 0.0094046
36800 0.0125918 0.0113948 0.009577
36900 0.0124658 0.0110378 0.009235
37000 0.0135784 0.0120586 0.0095412
37100 0.0128478 0.0155808 0.0132234
37200 0.0355562 0.0345896 0.0272074
37300 0.0363992 0.0334018 0.0264456
37400 0.0369058 0.035333 0.026967
37500 0.037516 0.0333652 0.0273464
37600 0.0374914 0.03253 0.0269586
37700 0.037204 0.0325336 0.0277068
37800 0.021235 0.0164576 0.0145116
37900 0.0134226 0.0112706 0.009867
38000 0.0142958 0.012394 0.010389
38100 0.0129774 0.0117916 0.0099212
38200 0.012601 0.011599 0.0099784
38300 0.0130396 0.0122286 0.009799
38400 0.0132208 0.0118954 0.0099868
38500 0.0129778 0.0119998 0.0099992
38600 0.0128002 0.0120104 0.0101172
38700 0.0134004 0.0118098 0.0099896
38800 0.013223 0.0122118 0.009988
38900 0.013622 0.0122374 0.0101666
39000 0.0172568 0.0146528 0.0106
39100 0.0134414 0.012245 0.0101982
39200 0.0136924 0.0122004 0.0102174
39300 0.0135778 0.0122214 0.0102386
39400 0.0138344 0.0121954 0.0105988
39500 0.013365 0.0124172 0.0102088
39600 0.0135742 0.0122488 0.01019
39700 0.0137152 0.0126602 0.0103618
39800 0.0139096 0.0127248 0.010885
39900 0.0139206 0.0124804 0.0103048
40000 0.0149668 0.0138648 0.0106336
40100 0.0135774 0.0126024 0.0102206
40200 0.0142122 0.0123892 0.0108006
40300 0.0141874 0.0123882 0.0103994
40400 0.0140342 0.0119778 0.0109992
40500 0.0141298 0.0126852 0.010702
40600 0.0136006 0.0128116 0.0101878
40700 0.0139886 0.0121886 0.0103998
40800 0.0138006 0.0125998 0.0110134
40900 0.014012 0.0129894 0.0105986
41000 0.0156254 0.0136212 0.0110682
41100 0.0138732 0.0125736 0.01056
41200 0.0308754 0.0314974 0.026847
41300 0.041314 0.0378462 0.0312138
41400 0.0420246 0.0375708 0.0306408
41500 0.0431468 0.0396998 0.034143
41600 0.0424504 0.03789 0.0304526
41700 0.0397542 0.0337612 0.0277724
41800 0.0147034 0.0146492 0.011485
41900 0.0147992 0.0136482 0.0109526
42000 0.0223224 0.016341 0.0121054
42100 0.0147984 0.0132408 0.0111598
42200 0.0143918 0.0130114 0.0110334
42300 0.0145736 0.0137756 0.0110858
42400 0.0145948 0.0133624 0.0110076
42500 0.0147702 0.013233 0.011177
42600 0.0149916 0.0134384 0.0109836
42700 0.0150012 0.0135998 0.011011
42800 0.0155962 0.0141266 0.011595
42900 0.0152236 0.0134354 0.0112068
43000 0.016201 0.0148272 0.0116242
43100 0.01517 0.0132098 0.011599
43200 0.0147988 0.0140318 0.0113786
43300 0.015342 0.0138304 0.0116004
43400 0.0151312 0.0137802 0.0111982
43500 0.0149796 0.0140014 0.0114244
43600 0.0156484 0.014065 0.0114454
43700 0.0153978 0.0136512 0.012001
43800 0.0156298 0.0144636 0.0111774
43900 0.0152004 0.013985 0.0112154
44000 0.0214502 0.015959 0.012235
44100 0.0156102 0.014289 0.0110206
44200 0.0156108 0.014398 0.0118396
44300 0.0158106 0.0141338 0.0118442
44400 0.0153986 0.0137998 0.011399
44500 0.0154008 0.0142144 0.011838
44600 0.0157772 0.0146626 0.0117804
44700 0.0156404 0.0141618 0.0118288
44800 0.0154488 0.0141948 0.0118018
44900 0.0154012 0.0141988 0.0120412
45000 0.016841 0.0151988 0.0161308
45100 0.0160234 0.014775 0.012021
45200 0.015818 0.0144238 0.0117762
45300 0.0157766 0.0141788 0.0120258
45400 0.0154838 0.014624 0.0121794
45500 0.0158548 0.0147814 0.0122008
45600 0.015976 0.0146222 0.0121982
45700 0.015602 0.0149888 0.0120226
45800 0.0157206 0.01461 0.0125152
45900 0.0162712 0.0148394 0.012206
46000 0.01728 0.016171 0.0125102
46100 0.0159992 0.0148018 0.0119774
46200 0.0162002 0.0147696 0.012206
46300 0.016208 0.0152822 0.0122012
46400 0.0176718 0.0159208 0.0120472
46500 0.016039 0.014919 0.0124304
46600 0.016066 0.0145356 0.0123998
46700 0.0369324 0.0372084 0.0306532
46800 0.0469654 0.0443406 0.0348
46900 0.0486428 0.0432548 0.0357836
47000 0.0519014 0.0450396 0.0361858
47100 0.0473654 0.0443312 0.0353768
47200 0.0230198 0.021083 0.0135346
47300 0.0168128 0.0144738 0.012635
47400 0.0161178 0.0148876 0.0120474
47500 0.0161952 0.0153202 0.0123186
47600 0.0170492 0.0151414 0.0124006
47700 0.0167244 0.0152208 0.0126308
47800 0.0162 0.0154 0.0122
47900 0.0165884 0.0152 0.0119996
48000 0.0177984 0.0164246 0.0127736
48100 0.0172234 0.0157422 0.0131108
48200 0.0170506 0.015465 0.0129996
48300 0.0161992 0.0158 0.0130702
48400 0.0170546 0.0159582 0.0122006
48500 0.0170216 0.015989 0.0130962
48600 0.0170526 0.0163768 0.0126188
48700 0.0172002 0.0156012 0.0130892
48800 0.0175778 0.0155888 0.0130286
48900 0.0173768 0.0159272 0.0132222
49000 0.0185944 0.0201344 0.0179028
49100 0.0169512 0.0153352 0.0128038
49200 0.017666 0.015879 0.013635
49300 0.0175572 0.0155768 0.013018
49400 0.016875 0.0159112 0.0124516
49500 0.0170082 0.0158076 0.0126676
49600 0.0173198 0.0155616 0.0132246
49700 0.017712 0.0156688 0.0133664
49800 0.0171442 0.0159224 0.0129558
49900 0.0168716 0.0158828 0.013084
50000 0.0188526 0.0167108 0.0140094
50100 0.0170856 0.0164462 0.0137342
50200 0.0178048 0.0159866 0.0132344
50300 0.024602 0.0266272 0.0230066
50400 0.0543364 0.0501814 0.0415666
50500 0.0662138 0.0608094 0.0507964
50600 0.0536584 0.0506166 0.0357072
50700 0.0477118 0.0455838 0.031679
50800 0.0201608 0.013855 0.0168672
50900 0.0194956 0.0169938 0.0175568
51000 0.0191232 0.0185872 0.0139316
51100 0.0182132 0.0170344 0.0134702
51200 0.0188138 0.016689 0.0136188
51300 0.0175322 0.0162448 0.01376
51400 0.0178642 0.0163612 0.0135228
51500 0.017714 0.01652 0.0139054
51600 0.018758 0.0165372 0.0136594
51700 0.0181564 0.01642 0.0133806
51800 0.0180708 0.0164848 0.0147982
51900 0.0186218 0.0171116 0.0141406
52000 0.0241728 0.0204066 0.0143056
52100 0.0183982 0.017139 0.0138752
52200 0.0181684 0.0166142 0.0138198
52300 0.0190562 0.0162 0.013799
52400 0.0328586 0.0360332 0.0286796
52500 0.0531858 0.049808 0.041389
52600 0.0550314 0.0490274 0.0394194
52700 0.053123 0.050367 0.040399
52800 0.0516054 0.0436704 0.0348464
52900 0.0179896 0.0173956 0.0141988
53000 0.019868 0.0178492 0.0143718
53100 0.019079 0.0183084 0.0148242
53200 0.0190528 0.0175774 0.0144062
53300 0.0192062 0.0173956 0.0144316
53400 0.0192216 0.0169768 0.0140456
53500 0.0195408 0.0176642 0.0144052
53600 0.01902 0.0174082 0.0140024
53700 0.0194492 0.0176002 0.0144
53800 0.0203938 0.0176394 0.0143908
53900 0.019188 0.0176232 0.0145198
54000 0.0206006 0.0190064 0.0149996
54100 0.0190954 0.0180322 0.0143984
54200 0.019223 0.01809 0.014683
54300 0.0188962 0.0173626 0.0145528
54400 0.018711 0.017293 0.0142822
54500 0.0192414 0.0175184 0.0144718
54600 0.0194402 0.0178142 0.0146128
54700 0.020031 0.0181784 0.0141996
54800 0.019535 0.0180108 0.0142862
54900 0.0195888 0.0181232 0.0153996
55000 0.0211696 0.0190744 0.015457
55100 0.0195986 0.0180044 0.014421
55200 0.0198002 0.0182216 0.0148432
55300 0.0192832 0.0182646 0.0148256
55400 0.0204004 0.018274 0.0146616
55500 0.0213886 0.0188432 0.0156586
55600 0.020397 0.0184736 0.014809
55700 0.0210534 0.0190998 0.0157784
55800 0.0199554 0.0181998 0.0149998
55900 0.0205206 0.0182012 0.0148226
56000 0.0214158 0.0192292 0.015593
56100 0.0201968 0.0182882 0.0149458
56200 0.0198082 0.0182456 0.0149024
56300 0.0200228 0.0183862 0.0149918
56400 0.020426 0.018239 0.0156672
56500 0.0200614 0.018098 0.015471
56600 0.0195384 0.0185188 0.0146478
56700 0.0199494 0.018718 0.0151514
56800 0.0199838 0.0186292 0.0154024
56900 0.02003 0.0186526 0.0149476
57000 0.0216316 0.0189906 0.0158162
57100 0.021133 0.0187598 0.0154048
57200 0.0520648 0.0535986 0.0439142
57300 0.0632876 0.0536244 0.0426754
57400 0.062259 0.0542486 0.043494
57500 0.0629538 0.0537056 0.0431978
57600 0.0200798 0.019486 0.0153982
57700 0.0204002 0.0188016 0.015776
57800 0.021225 0.0190968 0.0153988
57900 0.0205988 0.0191994 0.0154004
58000 0.0221436 0.0200508 0.0159304
58100 0.0215162 0.0193042 0.0162832
58200 0.0210244 0.018976 0.0157996
58300 0.0207576 0.0189736 0.015469
58400 0.0209276 0.0184812 0.0157136
58500 0.0211 0.019399 0.0157088
58600 0.0205988 0.0196228 0.0151782
58700 0.0210274 0.0190426 0.01566
58800 0.0216814 0.0198432 0.0158948
58900 0.0210218 0.0197794 0.0155996
59000 0.0225772 0.0213084 0.0162596
59100 0.0214686 0.0195974 0.01579
59200 0.0209322 0.0191964 0.0156668
59300 0.0212426 0.0192176 0.0155024
59400 0.0207592 0.019133 0.0158462
59500 0.0214492 0.0193986 0.0162724
59600 0.0230624 0.0195364 0.0160082
59700 0.021874 0.0204148 0.01646
59800 0.0237072 0.0205126 0.0175986
59900 0.0213972 0.0200096 0.0160174
60000 0.0224514 0.02081 0.0164242
60100 0.0228254 0.0209552 0.0163856
60200 0.0214402 0.0197992 0.0164084
60300 0.0219342 0.019801 0.016406
60400 0.0220518 0.0204228 0.0164362
60500 0.021527 0.0198062 0.0160364
60600 0.02165 0.0197934 0.0161218
60700 0.0220452 0.0201104 0.016036
60800 0.0217886 0.0198216 0.016072
60900 0.0214002 0.0196 0.016011
61000 0.0239448 0.021021 0.016799
61100 0.0222402 0.0213302 0.017466
61200 0.0591098 0.0553664 0.0505844
61300 0.0665836 0.060652 0.048107
61400 0.0641964 0.0585186 0.0469824
61500 0.0575288 0.0499066 0.034928
61600 0.0219798 0.0197136 0.0165144
61700 0.0224052 0.0206974 0.0167356
61800 0.0218 0.02 0.0165822
61900 0.0219892 0.02 0.016392
62000 0.02521 0.021217 0.0168508
62100 0.022056 0.0200838 0.0162526
62200 0.0220336 0.0202128 0.0169202
62300 0.0229986 0.0205748 0.0170084
62400 0.0224518 0.0207098 0.016792
62500 0.022398 0.0207802 0.0170206
62600 0.0558172 0.0577192 0.047732
62700 0.0674942 0.059784 0.0476824
62800 0.0640238 0.0617944 0.0483546
62900 0.0578326 0.049012 0.0348194
63000 0.0249626 0.0231472 0.0176322
63100 0.0235462 0.0212454 0.017031
63200 0.0228232 0.021602 0.017214
63300 0.0229754 0.0211984 0.017202
63400 0.022777 0.0212418 0.0169776
63500 0.0236182 0.0218258 0.017373
63600 0.0229882 0.0215988 0.017566
63700 0.0229036 0.0216264 0.0169728
63800 0.0228626 0.0214438 0.01699
63900 0.0233306 0.0205312 0.0170292
64000 0.0254718 0.0223108 0.0180026
64100 0.0234982 0.0215454 0.0176398
64200 0.0238288 0.0214188 0.0174328
64300 0.0234168 0.0217198 0.0175998
64400 0.0232294 0.0219152 0.017748
64500 0.0229196 0.0215126 0.01734
64600 0.0232622 0.0211456 0.0170566
64700 0.0233996 0.0212072 0.0171468
64800 0.0232042 0.0214696 0.0169788
64900 0.0327196 0.0319826 0.0296106
65000 0.0742474 0.066671 0.0502582
65100 0.0654078 0.0616642 0.0512402
65200 0.0704574 0.063498 0.0502014
65300 0.0320422 0.0276794 0.0177176
65400 0.0242896 0.0226406 0.017367
65500 0.024243 0.0220442 0.0177216
65600 0.0236996 0.0224778 0.0183744
65700 0.0239014 0.0212594 0.017472
65800 0.0235992 0.022273 0.0175714
65900 0.023911 0.0223758 0.0184456
66000 0.0249738 0.0228166 0.0179866
66100 0.0243694 0.022006 0.0180968
66200 0.0241902 0.0224004 0.018928
66300 0.0692074 0.0644184 0.049756
66400 0.0690994 0.063554 0.0510292
66500 0.0700684 0.0700286 0.0525238
66600 0.0424102 0.0396338 0.0260298
66700 0.0244098 0.0224046 0.0180566
66800 0.0249496 0.0225462 0.0184384
66900 0.0237796 0.0216432 0.0177774
67000 0.0251874 0.0235856 0.0190104
67100 0.0245504 0.0223928 0.0178134
67200 0.0234974 0.0221878 0.0182576
67300 0.0241478 0.0224544 0.018147
67400 0.0245028 0.022007 0.0183878
67500 0.0236554 0.0238774 0.0251598
67600 0.0726436 0.0666806 0.051957
67700 0.0723224 0.06669 0.0528332
67800 0.0722482 0.0732982 0.0531866
67900 0.034616 0.0318914 0.0225886
68000 0.0256396 0.0232652 0.0182612
68100 0.0245294 0.0226346 0.0180694
68200 0.0252832 0.0229348 0.0182842
68300 0.0239472 0.0225304 0.0181476
68400 0.0242296 0.0226634 0.0183772
68500 0.0244386 0.0234918 0.0184856
68600 0.0247394 0.022321 0.018405
68700 0.024817 0.0226014 0.018569
68800 0.043401 0.0399376 0.0371642
68900 0.074924 0.0672944 0.053916
69000 0.0776042 0.0686442 0.053199
69100 0.063309 0.059727 0.0420652
69200 0.0261704 0.0242934 0.0194554
69300 0.0278616 0.0253822 0.020171
69400 0.0256202 0.0237448 0.0194684
69500 0.024915 0.0235636 0.0187626
69600 0.0248478 0.0233482 0.0187018
69700 0.0251314 0.024539 0.0193816
69800 0.0294298 0.0305914 0.0205988
69900 0.029373 0.027193 0.0202014
70000 0.0589692 0.049816 0.040007
70100 0.0663662 0.0608524 0.0469232
70200 0.0664632 0.061538 0.0491284
70300 0.0659654 0.060803 0.047016
70400 0.0671898 0.0618126 0.0491408
70500 0.0641692 0.0586074 0.0435226
70600 0.0328422 0.0297242 0.0227588
70700 0.0285316 0.0261194 0.0206462
70800 0.030002 0.0271002 0.0218282
70900 0.0476436 0.0397068 0.0276908
71000 0.0312402 0.028812 0.0269908
71100 0.0340264 0.0274942 0.0205534
71200 0.0351862 0.0401596 0.0269066
71300 0.0346108 0.0398032 0.0276444
71400 0.032217 0.0328274 0.0225916
71500 0.0416062 0.0296256 0.022024
71600 0.026967 0.024355 0.0194692
71700 0.0271078 0.0246738 0.0195244
71800 0.025908 0.0243066 0.0194512
71900 0.0255718 0.0245688 0.019576
72000 0.0288542 0.0260614 0.0201606
72100 0.0257106 0.0242002 0.0189998
72200 0.026965 0.0257666 0.0206032
72300 0.025801 0.0243026 0.0194224
72400 0.0260002 0.0244132 0.0195836
72500 0.0260116 0.0242008 0.0200102
72600 0.026817 0.024502 0.0197784
72700 0.02637 0.0246662 0.0197782
72800 0.027356 0.024822 0.0198974
72900 0.0267296 0.0244222 0.0196022
73000 0.0309602 0.028111 0.0200086
73100 0.0273836 0.024398 0.0199484
73200 0.0268414 0.0248972 0.0199434
73300 0.0264388 0.0256118 0.0198332
73400 0.0270112 0.025127 0.0200216
73500 0.02724 0.025288 0.0201594
73600 0.0276844 0.0254228 0.0201994
73700 0.027327 0.025429 0.0206592
73800 0.0277576 0.0257202 0.0199992
73900 0.0262186 0.0252296 0.019501
74000 0.0280562 0.0257266 0.0200224
74100 0.0276098 0.0249832 0.0202804
74200 0.0268182 0.0251012 0.0195522
74300 0.0269434 0.0252394 0.0201436
74400 0.027427 0.024977 0.019777
74500 0.0270282 0.0248642 0.0201248
74600 0.0267854 0.024988 0.020212
74700 0.0668506 0.0727466 0.057633
74800 0.114296 0.103814 0.0751584
74900 0.0718886 0.0661684 0.0505072
75000 0.0298486 0.0314674 0.021121
75100 0.028042 0.0258614 0.0206444
75200 0.028073 0.0264028 0.0200816
75300 0.028111 0.0264724 0.0208712
75400 0.0280306 0.0255984 0.0202522
75500 0.0288072 0.0256618 0.0203094
75600 0.0276204 0.025551 0.020436
75700 0.0276276 0.0253328 0.0202856
75800 0.0279906 0.0256216 0.0205992
75900 0.0278172 0.0264902 0.0206014
76000 0.0304108 0.0263972 0.021687
76100 0.0286988 0.0262874 0.0208008
76200 0.027908 0.0258528 0.0208528
76300 0.0271096 0.0263216 0.0204438
76400 0.0278004 0.0253652 0.0205994
76500 0.0278518 0.0254 0.0208106
76600 0.0274906 0.0259886 0.0206306
76700 0.0276452 0.0252116 0.0208028
76800 0.028 0.0260408 0.0210066
76900 0.0662824 0.0673804 0.0518274
77000 0.098545 0.0896022 0.0683272
77100 0.089175 0.0709044 0.0558272
77200 0.0304878 0.0262226 0.0212228
77300 0.0283978 0.0267214 0.0211928
77400 0.0285346 0.0262124 0.0213994
77500 0.02917 0.0263994 0.0215984
77600 0.0293376 0.0270082 0.0212012
77700 0.0285024 0.0267384 0.0215356
77800 0.028589 0.0260154 0.0211842
77900 0.0280258 0.0261748 0.0205996
78000 0.0350594 0.0293852 0.026365
78100 0.0280222 0.0260194 0.0212576
78200 0.0281626 0.0260422 0.0213584
78300 0.0290718 0.0262506 0.020853
78400 0.0283606 0.0263298 0.0210356
78500 0.0680586 0.065816 0.0518296
78600 0.0829538 0.0767248 0.0597674
78700 0.0801116 0.0757914 0.0621372
78800 0.0410458 0.0284436 0.0213838
78900 0.0289586 0.0266426 0.0219732
79000 0.0308316 0.028606 0.0222152
79100 0.0292554 0.0269218 0.0216444
79200 0.03121 0.030195 0.0216458
79300 0.0289546 0.0262658 0.021045
79400 0.0300436 0.0274284 0.0214082
79500 0.030258 0.0276772 0.0217978
79600 0.0291864 0.0280364 0.022118
79700 0.0298482 0.0270562 0.0218622
79800 0.0296356 0.026999 0.0220488
79900 0.02958 0.027445 0.021843
80000 0.031476 0.0280742 0.0220162
80100 0.0296464 0.0284318 0.0217994
80200 0.0293998 0.0276002 0.0217992
80300 0.0347902 0.0368134 0.031003
80400 0.0857272 0.0790714 0.0647604
80500 0.090138 0.078097 0.062071
80600 0.0675918 0.0596974 0.0394218
80700 0.0299016 0.0266636 0.022241
80800 0.0294114 0.0274008 0.0219992
80900 0.03 0.0272112 0.0223138
81000 0.0363212 0.0300292 0.02247
81100 0.0295806 0.0277064 0.0224554
81200 0.030022 0.0278222 0.0222956
81300 0.0306 0.0278136 0.0224136
81400 0.0293788 0.0273606 0.0220692
81500 0.029373 0.0279866 0.0219496
81600 0.0312742 0.0388852 0.0301234
81700 0.0882078 0.082804 0.062519
81800 0.0715808 0.061211 0.0493754
81900 0.0295472 0.027992 0.0224514
82000 0.0324742 0.0293266 0.0221028
82100 0.0303048 0.028431 0.022233
82200 0.0303228 0.0285282 0.0230014
82300 0.0306266 0.0278322 0.0228384
82400 0.0308452 0.028575 0.0230926
82500 0.0302334 0.0277718 0.0225768
82600 0.0661962 0.0697858 0.0578014
82700 0.0886194 0.0803174 0.0652432
82800 0.0926408 0.075318 0.0587788
82900 0.0334868 0.0297718 0.023222
83000 0.031687 0.0298294 0.0224912
83100 0.0312104 0.0285154 0.02339
83200 0.0308328 0.0279996 0.0226506
83300 0.031191 0.0284842 0.0236742
83400 0.0314436 0.028843 0.0232264
83500 0.0316806 0.0289118 0.023101
83600 0.0680608 0.060736 0.0522048
83700 0.117512 0.112802 0.081756
83800 0.077846 0.0623956 0.05001
83900 0.0312026 0.0286106 0.0227892
84000 0.037118 0.0302546 0.0235462
84100 0.0311456 0.0293606 0.0232022
84200 0.0325562 0.0291782 0.023042
84300 0.0316594 0.0297884 0.0232252
84400 0.032092 0.0294102 0.0231914
84500 0.0317364 0.0290198 0.023295
84600 0.0321238 0.0291134 0.023425
84700 0.0313558 0.0294582 0.0232514
84800 0.031632 0.029323 0.0228664
84900 0.032266 0.0292788 0.0227266
85000 0.0331588 0.029779 0.0235296
85100 0.0311696 0.029861 0.0230592
85200 0.031253 0.0289168 0.0228792
85300 0.0325366 0.0294938 0.0233212
85400 0.0341416 0.0309868 0.0235902
85500 0.0386662 0.04024 0.0321348
85600 0.0976048 0.0839566 0.0654654
85700 0.0708158 0.0602348 0.0414092
85800 0.032452 0.029743 0.0238216
85900 0.0319774 0.0303778 0.0235972
86000 0.0337258 0.0306244 0.0238244
86100 0.0328408 0.030594 0.0239202
86200 0.03266 0.0305644 0.0237998
86300 0.0324118 0.0305866 0.0241612
86400 0.032797 0.030311 0.0238098
86500 0.033037 0.0306842 0.024919
86600 0.0320002 0.0307968 0.0241408
86700 0.0331984 0.030199 0.024016
86800 0.0326944 0.0309326 0.0244018
86900 0.0330614 0.0302014 0.0240992
87000 0.0349622 0.036531 0.0245706
87100 0.0320944 0.0303298 0.0244374
87200 0.0336566 0.0307332 0.0237366
87300 0.033797 0.0312126 0.0242236
87400 0.0331256 0.030706 0.0242834
87500 0.0326182 0.0300052 0.0241752
87600 0.0327684 0.0307902 0.0243972
87700 0.0331168 0.030393 0.0246014
87800 0.033513 0.0307992 0.0244226
87900 0.0325982 0.030424 0.0239764
88000 0.0420362 0.0342054 0.0244456
88100 0.0332562 0.0294704 0.0239818
88200 0.0320086 0.0299514 0.0242874
88300 0.033297 0.0299922 0.0241922
88400 0.0320664 0.0300626 0.0243386
88500 0.0328334 0.0398512 0.0334344
88600 0.0933614 0.091169 0.0682586
88700 0.0968314 0.092493 0.0687968
88800 0.058784 0.0529672 0.0335982
88900 0.0325606 0.0305392 0.024665
89000 0.035189 0.032592 0.0245994
89100 0.0354226 0.0321452 0.025138
89200 0.0335276 0.0328404 0.0252608
89300 0.0332252 0.0309942 0.0246668
89400 0.0325798 0.0305136 0.0245338
89500 0.033352 0.0307516 0.0244542
89600 0.0325882 0.0307744 0.0244744
89700 0.0525836 0.052601 0.0426134
89800 0.0961554 0.088747 0.0692366
89900 0.0938624 0.0937782 0.0712634
90000 0.0500298 0.0321734 0.0248468
90100 0.0332484 0.0307462 0.0245308
90200 0.033132 0.0316688 0.0243736
90300 0.033486 0.030682 0.0251044
90400 0.0366358 0.031853 0.025534
90500 0.0342032 0.0313736 0.0248006
90600 0.0344666 0.0322736 0.0254128
90700 0.0332616 0.031649 0.0249986
90800 0.0337188 0.0306112 0.0253712
90900 0.0335218 0.0309744 0.0250574
91000 0.039114 0.0349356 0.0249542
91100 0.0644808 0.0682186 0.05619
91200 0.10122 0.0900536 0.0745172
91300 0.036964 0.0319944 0.025306
91400 0.033577 0.0316918 0.025011
91500 0.0345626 0.0320228 0.0245354
91600 0.034865 0.031797 0.0251686
91700 0.034014 0.0318122 0.025472
91800 0.0350518 0.033967 0.025694
91900 0.0344168 0.0314126 0.0258364
92000 0.0368152 0.0341902 0.0260328
92100 0.0344446 0.0317558 0.0254218
92200 0.0346004 0.032423 0.0253784
92300 0.0344062 0.0326196 0.0255764
92400 0.0771502 0.0788922 0.0624198
92500 0.0975384 0.095006 0.0730596
92600 0.081836 0.0657998 0.0531646
92700 0.0343682 0.0311916 0.0255468
92800 0.0364046 0.0326176 0.0256642
92900 0.0352106 0.0322328 0.0251836
93000 0.036583 0.038517 0.0260816
93100 0.0348126 0.0317446 0.025701
93200 0.0352732 0.0332876 0.0252434
93300 0.0342172 0.032421 0.0251956
93400 0.0348624 0.0321898 0.0263208
93500 0.0618024 0.0612058 0.05566
93600 0.10326 0.0965416 0.0721274
93700 0.0961662 0.0781506 0.06377
93800 0.0354552 0.0319358 0.026226
93900 0.0351626 0.0317138 0.0254004
94000 0.0377692 0.0342226 0.02658
94100 0.0348012 0.0327938 0.0261984
94200 0.0365756 0.0339074 0.0305792
94300 0.0354018 0.0331898 0.0260086
94400 0.036261 0.0334838 0.0260792
94500 0.0359298 0.0333702 0.0258094
94600 0.0364476 0.033226 0.0261962
94700 0.0357746 0.0335902 0.0258704
94800 0.035412 0.0332002 0.0260602
94900 0.035325 0.0322976 0.0262216
95000 0.0382314 0.034651 0.0264366
95100 0.0369186 0.0339174 0.0276088
95200 0.03646 0.0349428 0.0267814
95300 0.036016 0.0333764 0.0268492
95400 0.0356304 0.0325592 0.0258684
95500 0.0358056 0.0324862 0.0263182
95600 0.0362366 0.0331216 0.0262158
95700 0.0792442 0.0697 0.0569898
95800 0.104268 0.0978042 0.0763548
95900 0.0862146 0.0727598 0.0556552
96000 0.0381084 0.0341992 0.0270586
96100 0.0368176 0.0342018 0.0270464
96200 0.0373976 0.0340472 0.0264618
96300 0.0366662 0.0344544 0.026801
96400 0.0373392 0.0336806 0.0264214
96500 0.0374484 0.034371 0.026629
96600 0.0360204 0.0341922 0.026578
96700 0.0369276 0.0339736 0.0271204
96800 0.0366062 0.0340624 0.0277906
96900 0.0360844 0.0337176 0.0267578
97000 0.038802 0.0370156 0.027307
97100 0.0393724 0.0354808 0.027406
97200 0.111545 0.113312 0.0811268
97300 0.108963 0.0998396 0.079183
97400 0.0544118 0.0521584 0.0368084
97500 0.0365996 0.0347996 0.026681
97600 0.037409 0.0350252 0.0272314
97700 0.0372574 0.034569 0.026677
97800 0.0373342 0.0340258 0.0266148
97900 0.0372834 0.0358856 0.0275604
98000 0.0441654 0.0363886 0.0274008
98100 0.0369346 0.0344294 0.026979
98200 0.0398114 0.036417 0.0275096
98300 0.037152 0.0349582 0.027222
98400 0.0424786 0.035013 0.0276302
98500 0.0370584 0.0341426 0.0272726
98600 0.0374134 0.0354014 0.0272026
98700 0.0369528 0.0349302 0.0277092
98800 0.0511724 0.0478276 0.0371854
98900 0.108345 0.100399 0.077456
99000 0.115904 0.10538 0.0704144
99100 0.0371582 0.0348386 0.0271966
99200 0.0377974 0.0341198 0.0270106
99300 0.037622 0.0342182 0.0274222
99400 0.0372376 0.0338788 0.0274488
99500 0.0467472 0.0411274 0.0308012
99600 0.0441528 0.038934 0.0295816
99700 0.0413046 0.0398022 0.0290176
99800 0.037992 0.0352536 0.027946
99900 0.0420468 0.037472 0.0289066
