# 100 точек массивы 0...10^6 с усреднением по 10
0 0 0 0
1000 0.0004932 0.0005079 0.0002
2000 0.0010649 0.0007215 0.0005128
3000 0.0008787 0.0009524 0.0006476
4000 0.0013213 0.0011681 0.0007065
5000 0.0016006 0.0014589 0.0010412
6000 0.0019989 0.0018208 0.0012792
7000 0.0021063 0.0020924 0.0016051
8000 0.0027928 0.0022027 0.0021041
9000 0.0032042 0.002328 0.0024677
10000 0.0032045 0.0027103 0.0025858
11000 0.0036372 0.0032311 0.0026896
12000 0.0039959 0.0033006 0.0031038
13000 0.0043706 0.0036997 0.0032011
14000 0.0049032 0.0038982 0.0033984
15000 0.0046993 0.0044016 0.0033982
16000 0.0057409 0.0049669 0.0039929
17000 0.0055885 0.0052291 0.0044063
18000 0.0057004 0.005195 0.0044
19000 0.0067074 0.0058081 0.0050997
20000 0.0067083 0.0057999 0.0045962
21000 0.007345 0.006141 0.0051029
22000 0.0076947 0.0072996 0.0055957
23000 0.0077005 0.0069 0.0054991
24000 0.0081999 0.0072012 0.0056979
25000 0.009058 0.0075668 0.0063355
26000 0.0090838 0.0086022 0.0069966
27000 0.0089998 0.0083001 0.0069168
28000 0.0097005 0.0085824 0.0071355
29000 0.0102853 0.0085851 0.0075036
30000 0.0123 0.0111391 0.0091765
31000 0.0111637 0.0099 0.0079972
32000 0.0119226 0.0121798 0.0103137
33000 0.0115481 0.0107536 0.0087507
34000 0.0124133 0.0113701 0.0089962
35000 0.0128326 0.0112716 0.0090957
36000 0.0129147 0.0114905 0.009501
37000 0.0137298 0.0121266 0.0097219
38000 0.0145122 0.0134151 0.010909
39000 0.0156848 0.0140255 0.0117402
40000 0.0162028 0.0137774 0.0113268
41000 0.0371842 0.0325828 0.0274897
42000 0.0328662 0.0294618 0.0247912
43000 0.0175521 0.0152632 0.0121441
44000 0.0218553 0.0193502 0.0142132
45000 0.0194018 0.0174925 0.0127651
46000 0.0189656 0.0162519 0.0129097
47000 0.0188091 0.0168914 0.0133955
48000 0.0193057 0.0177637 0.0142325
49000 0.0261695 0.0200299 0.0183648
50000 0.0235576 0.022542 0.017493
51000 0.0193017 0.0175515 0.0139466
52000 0.0243971 0.0219225 0.0177879
53000 0.0234878 0.0212136 0.0159629
54000 0.0215208 0.0212143 0.015921
55000 0.0261063 0.0218346 0.0183851
56000 0.0217587 0.0200969 0.0163824
57000 0.0408388 0.0391067 0.0260209
58000 0.0560259 0.0472712 0.035075
59000 0.0330443 0.0288726 0.0244268
60000 0.0278276 0.0265 0.0197284
61000 0.0258166 0.0228587 0.0179458
62000 0.0244217 0.0239643 0.022207
63000 0.0308457 0.0280682 0.022051
64000 0.0263799 0.0241823 0.0192008
65000 0.0285949 0.0244707 0.0193626
66000 0.0256904 0.0230493 0.0188901
67000 0.0248587 0.0221877 0.0179794
68000 0.0248992 0.0227055 0.0184906
69000 0.0296733 0.026075 0.0227768
70000 0.0276534 0.0246078 0.0219991
71000 0.0368996 0.0313995 0.0230072
72000 0.0314504 0.028161 0.0212357
73000 0.0391475 0.0347892 0.0251019
74000 0.0362925 0.0300779 0.0251057
75000 0.0311731 0.0313855 0.022375
76000 0.0280038 0.0260118 0.0207213
77000 0.0285094 0.0259926 0.0210982
78000 0.0399246 0.0367608 0.0288488
79000 0.0342118 0.032795 0.0262096
80000 0.029504 0.0278975 0.021971
81000 0.0295834 0.0274001 0.0223447
82000 0.0306724 0.0279087 0.0224861
83000 0.0315015 0.0286579 0.0226974
84000 0.0307949 0.0285956 0.0232001
85000 0.0564947 0.0517455 0.0401005
86000 0.0889169 0.0790018 0.0583908
87000 0.0318053 0.0289997 0.0237487
88000 0.032599 0.0296999 0.0238125
89000 0.0348747 0.0313366 0.0243626
90000 0.0671585 0.0665017 0.0519219
91000 0.0530982 0.0428483 0.0344004
92000 0.0347668 0.0322033 0.0252483
93000 0.0413012 0.0387975 0.03014
94000 0.0865183 0.0756526 0.0571012
95000 0.0931274 0.0876046 0.0677591
96000 0.096429 0.087211 0.0684169
97000 0.096548 0.0881862 0.0691041
98000 0.0965791 0.089379 0.0698995
99000 0.0987273 0.0924959 0.0696723
