# 100, 0, 1000000, 3
0 0 0 0
10000 0.00433533 0.002995 0.002666
20000 0.008333 0.006666 0.00533333
30000 0.0119787 0.0103557 0.00767867
40000 0.0143277 0.0126737 0.0103317
50000 0.0186663 0.0163337 0.013323
60000 0.023979 0.0210033 0.0166633
70000 0.0276887 0.0249843 0.019011
80000 0.0366627 0.036655 0.0263347
90000 0.0430007 0.0329953 0.0253373
100000 0.0439873 0.0373593 0.0276683
110000 0.0433383 0.0409673 0.0300273
120000 0.0486987 0.0439987 0.033319
130000 0.0523217 0.0483463 0.0359983
140000 0.060335 0.0533297 0.039988
150000 0.064333 0.061991 0.0423283
160000 0.0829747 0.0996943 0.0483297
170000 0.0839997 0.0726553 0.0496793
180000 0.082988 0.073671 0.0516597
190000 0.081348 0.073333 0.0536663
200000 0.0926653 0.0776667 0.0576647
210000 0.0923517 0.0819967 0.0593333
220000 0.0996607 0.0886687 0.0626667
230000 0.291637 0.300013 0.158334
240000 0.112333 0.099 0.068333
250000 0.122334 0.104 0.071333
260000 0.132333 0.115334 0.074333
270000 0.137999 0.115669 0.07735
280000 0.140666 0.121334 0.0813183
290000 0.151667 0.130667 0.0829993
300000 0.165011 0.137001 0.085
310000 0.165331 0.150334 0.0893333
320000 0.179667 0.153995 0.144995
330000 0.473641 0.279688 0.16833
340000 0.193665 0.174323 0.0983467
350000 0.201999 0.177673 0.100984
360000 0.215667 0.187652 0.105666
370000 0.228259 0.204163 0.115198
380000 0.231936 0.210257 0.109435
390000 0.24367 0.215667 0.112001
400000 0.255666 0.228016 0.116986
410000 0.267332 0.246335 0.118986
420000 0.285013 0.259654 0.123332
430000 0.291 0.285333 0.126333
440000 0.301667 0.279666 0.129
450000 0.309333 0.292346 0.132332
460000 0.320319 0.302332 0.135333
470000 0.332334 0.353334 0.138999
480000 0.344334 0.331345 0.140985
490000 0.344679 0.341986 0.144679
500000 0.363671 0.349987 0.146999
510000 0.363667 0.367999 0.148666
520000 0.378667 0.376667 0.153016
530000 0.385333 0.398665 0.157323
540000 0.400321 0.419001 0.159665
550000 0.403334 0.431333 0.162666
560000 0.412667 0.441013 0.165333
570000 0.428669 0.461332 0.167665
580000 0.448678 0.479322 0.171346
590000 0.460322 0.498667 0.174665
600000 0.475667 0.524 0.175668
610000 0.48332 0.541664 0.181673
620000 0.490681 0.552665 0.182652
630000 0.503224 0.576346 0.186988
640000 0.518347 0.607988 0.190347
650000 0.55467 0.639651 0.194999
660000 0.534334 0.628666 0.195666
670000 0.550343 0.673984 0.2
680000 0.575334 0.706667 0.205333
690000 0.592013 0.733997 0.20632
700000 0.604668 0.746333 0.207999
710000 0.600348 0.752678 0.212654
720000 0.619334 0.786004 0.213665
730000 0.651026 0.838667 0.219334
740000 0.660001 0.857013 0.221988
750000 0.675344 0.887006 0.224997
760000 0.676989 0.885348 0.226327
770000 0.683671 0.907334 0.228667
780000 0.709657 0.971345 0.235668
790000 0.714346 0.969654 0.235332
800000 0.724999 0.983348 0.237331
810000 0.739998 1.02833 0.242666
820000 0.763999 1.05132 0.245332
830000 0.766333 1.07835 0.249665
840000 0.799669 1.12301 0.253666
850000 0.815991 1.15733 0.255665
860000 0.826002 1.18167 0.258346
870000 0.82567 1.186 0.260666
880000 0.834756 1.23226 0.260516
890000 0.857586 1.24266 0.326232
900000 0.909894 1.27431 0.274682
910000 0.875515 1.30914 0.273999
920000 0.886426 1.33208 0.272005
930000 0.892867 1.45226 0.277054
940000 0.930229 1.42671 0.284674
950000 0.925518 1.41606 0.28305
960000 0.961691 1.47852 0.284411
970000 0.960198 1.50975 0.289732
980000 0.989318 1.53303 0.293123
990000 1.00162 1.57777 0.302893
