# 100, 0, 1000000, 3
0 0 0 0
10000 0.00298667 0.00333433 0.00267833
20000 0.006989 0.005678 0.00500433
30000 0.0106817 0.00965133 0.008001
40000 0.014665 0.0129987 0.0113303
50000 0.019659 0.0166773 0.013332
60000 0.0236673 0.0266543 0.0186643
70000 0.0263467 0.0249983 0.018987
80000 0.032009 0.0276807 0.0223243
90000 0.0349987 0.0320023 0.0243327
100000 0.0406807 0.0389983 0.0273373
110000 0.056013 0.0489747 0.034986
120000 0.05468 0.047668 0.0363293
130000 0.063989 0.0569973 0.0393177
140000 0.0780097 0.0656567 0.042334
150000 0.0819957 0.0693317 0.0483467
160000 0.107332 0.0813333 0.0529997
170000 0.0919877 0.083328 0.052341
180000 0.099337 0.0799833 0.0546703
190000 0.0960007 0.100686 0.0606553
200000 0.10767 0.0889997 0.059668
210000 0.114659 0.0979943 0.0636717
220000 0.131012 0.113679 0.0736663
230000 0.133338 0.103323 0.0676823
240000 0.128691 0.107336 0.0719973
250000 0.216654 0.202344 0.0903243
260000 0.163661 0.148351 0.0822937
270000 0.171009 0.156003 0.0836547
280000 0.189995 0.185321 0.0890123
290000 0.192 0.158987 0.0920003
300000 0.230662 0.181322 0.095686
310000 0.227344 0.161654 0.092665
320000 0.218028 0.181665 0.104651
330000 0.228665 0.207671 0.0999967
340000 0.207988 0.226664 0.105335
350000 0.230999 0.269331 0.108348
360000 0.275643 0.246349 0.115008
370000 0.281668 0.260321 0.117338
380000 0.272996 0.222348 0.114329
390000 0.261653 0.238347 0.116666
400000 0.266323 0.267348 0.126307
410000 0.457322 0.383688 0.145321
420000 0.38232 0.35001 0.138658
430000 0.577332 0.571 0.204349
440000 0.480325 0.486332 0.183668
450000 0.507664 0.491343 0.182001
460000 0.420999 0.416999 0.164321
470000 0.397662 0.402002 0.153332
480000 0.338998 0.32767 0.140996
490000 0.354001 0.356015 0.146331
500000 0.380334 0.376666 0.147999
510000 0.383667 0.389 0.153665
520000 0.393347 0.412332 0.15532
530000 0.403998 0.423346 0.159001
540000 0.414661 0.432671 0.163666
550000 0.445989 0.458 0.163666
560000 0.446334 0.505667 0.168997
570000 0.449668 0.488012 0.172002
580000 0.46133 0.507667 0.174332
590000 0.473319 0.530333 0.176334
600000 0.501332 0.55432 0.181333
610000 0.495319 0.56459 0.185323
620000 0.512996 0.59332 0.187
630000 0.519 0.589 0.186999
640000 0.524334 0.606001 0.190998
650000 0.537334 0.637 0.19333
660000 0.560335 0.713998 0.201666
670000 0.59832 0.725015 0.200664
680000 0.594666 0.720684 0.205995
690000 0.607667 0.758986 0.208332
700000 0.620685 0.763321 0.213997
710000 0.623998 0.769322 0.213667
720000 0.644332 0.818015 0.217985
730000 0.657654 0.842359 0.223667
740000 0.667666 0.863331 0.224001
750000 0.680665 0.879999 0.228004
760000 0.690333 0.908336 0.231331
770000 0.702333 0.933331 0.234333
780000 0.712347 0.963003 0.236666
790000 0.735319 0.994346 0.238001
800000 0.732987 1.00868 0.241651
810000 0.741666 1.03201 0.244666
820000 0.753994 1.03967 0.246334
830000 0.773319 1.095 0.248332
840000 0.810002 1.15233 0.255
850000 0.806347 1.148 0.25433
860000 0.814656 1.15935 0.25833
870000 0.821667 1.18233 0.262335
880000 0.840319 1.22569 0.263987
890000 0.855004 1.25432 0.269984
900000 0.874641 1.28968 0.272333
910000 0.899334 1.33933 0.274664
920000 0.914986 1.386 0.27902
930000 0.944348 1.43133 0.281317
940000 0.942666 1.44865 0.287
950000 1.01634 1.57867 0.296014
960000 1.08134 1.581 0.307927
970000 1.04103 1.62332 0.312652
980000 1.124 1.79534 0.326667
990000 1.15733 1.85833 0.334682
