# 100 точек 0...10^6 с усреднением 5
0 0 0 0
10000 0.004414 0.0033844 0.0028208
20000 0.0070556 0.0065598 0.0049918
30000 0.0114626 0.0102284 0.0083972
40000 0.014892 0.013536 0.0106228
50000 0.0183896 0.017896 0.0135582
60000 0.0236506 0.0215188 0.0168076
70000 0.0295222 0.0263752 0.0200226
80000 0.0338438 0.0310166 0.0273172
90000 0.0444686 0.0349 0.0260752
100000 0.0468584 0.0438568 0.0302166
110000 0.057102 0.0502438 0.0367978
120000 0.108147 0.12617 0.0844592
130000 0.150901 0.135162 0.0953956
140000 0.168432 0.145073 0.0937096
150000 0.087867 0.0840208 0.0496088
160000 0.0928464 0.0848912 0.0588772
170000 0.124185 0.116238 0.061414
180000 0.110845 0.10916 0.0621424
190000 0.105002 0.0843186 0.0565988
200000 0.0993486 0.0874902 0.0602072
210000 0.101674 0.0903252 0.0617266
220000 0.11471 0.101416 0.0661508
230000 0.163496 0.138967 0.0766094
240000 0.159974 0.134733 0.0845138
250000 0.134511 0.120253 0.0757974
260000 0.141242 0.124097 0.0793002
270000 0.149317 0.131403 0.0810548
280000 0.159215 0.142164 0.0856196
290000 0.176309 0.153679 0.100153
300000 0.187388 0.165575 0.0945706
310000 0.200059 0.162636 0.0947944
320000 0.209673 0.186067 0.0996028
330000 0.216506 0.19295 0.104965
340000 0.216536 0.208347 0.108575
350000 0.238208 0.210904 0.110561
360000 0.24678 0.226128 0.113558
370000 0.254148 0.234327 0.117443
380000 0.273938 0.251477 0.123067
390000 0.283212 0.262899 0.124874
400000 0.299401 0.27771 0.127849
410000 0.3072 0.300093 0.13143
420000 0.315326 0.308628 0.134871
430000 0.334505 0.324752 0.138746
440000 0.428579 0.466454 0.155919
450000 0.355641 0.354167 0.144467
460000 0.371064 0.369506 0.147873
470000 0.387065 0.388114 0.151345
480000 0.395701 0.412356 0.152963
490000 0.410217 0.424469 0.157814
500000 0.422287 0.4495 0.160937
510000 0.435074 0.462438 0.165575
520000 0.45182 0.48786 0.167373
530000 0.462091 0.499602 0.1706
540000 0.480315 0.523148 0.17703
550000 0.502497 0.548843 0.177364
560000 0.507251 0.56651 0.179355
570000 0.520125 0.581529 0.182492
580000 0.533181 0.598595 0.186464
590000 0.565087 0.628749 0.191288
600000 0.566849 0.649223 0.19339
610000 0.584227 0.673458 0.19693
620000 0.594558 0.694428 0.196525
630000 0.606869 0.710564 0.202014
640000 0.622906 0.750144 0.206593
650000 0.641508 0.77128 0.210106
660000 0.655112 0.790846 0.211054
670000 0.669974 0.817951 0.214235
680000 0.68616 0.843328 0.216957
690000 0.713497 0.866164 0.222654
700000 0.718112 0.891589 0.223873
710000 0.737798 0.922607 0.229533
720000 0.753508 0.958853 0.229135
730000 0.767143 0.970234 0.233543
740000 0.787064 1.0165 0.237941
750000 0.807755 1.03346 0.239633
760000 0.818254 1.05733 0.241703
770000 0.833964 1.12429 0.245779
780000 0.850671 1.12341 0.253269
790000 0.87322 1.15588 0.252989
800000 0.898961 1.1912 0.259056
810000 0.903838 1.21364 0.258564
820000 0.918787 1.24008 0.262688
830000 0.936632 1.28586 0.266217
840000 0.956731 1.30578 0.272294
850000 0.970316 1.3491 0.272148
860000 0.985382 1.3698 0.274399
870000 0.999301 1.40657 0.277902
880000 1.0248 1.46835 0.28154
890000 1.03784 1.48145 0.283733
900000 1.06742 1.5256 0.286894
910000 1.07343 1.54434 0.289826
920000 1.09939 1.58863 0.293399
930000 1.10826 1.61179 0.29717
940000 1.51291 2.23619 0.572486
950000 1.40395 2.00836 0.319979
960000 1.1624 1.74051 0.306186
970000 1.19444 1.79709 0.309554
980000 1.1995 1.83403 0.313593
990000 1.22105 1.86628 0.316073
