0 0 0 0 0
50000 0.022347 0.0182107 0.0172877 0.0139627
100000 0.056193 0.040227 0.036889 0.028271
150000 0.063154 0.0648247 0.061246 0.042885
200000 0.0977383 0.091755 0.0817883 0.0565087
250000 0.138078 0.138493 0.132135 0.0794593
300000 0.194548 0.191821 0.148935 0.089841
350000 0.226396 0.260661 0.203339 0.107046
400000 0.291379 0.334108 0.280714 0.125332
450000 0.350075 0.423985 0.340835 0.139626
500000 0.415059 0.540186 0.42354 0.158077
550000 0.473833 0.617882 0.522509 0.172204
600000 0.54686 0.752276 0.627671 0.189027
650000 0.62305 0.864486 0.720158 0.20313
700000 0.700216 1.00715 0.844055 0.216541
750000 0.776691 1.17904 1.02502 0.235264
800000 0.895864 1.31503 1.11204 0.248999
850000 0.926139 1.51044 1.29404 0.270767
900000 1.0363 1.73736 1.46462 0.278919
950000 1.09554 1.86304 1.60132 0.299363
